1 fuel 0
3 5 1
50
-83.91 -51.47 82.2 329.42
79.5 -20.41 79.53 313.56
-87.91 -56.46 -5.56 378.47
-71.06 -55.62 45.04 396.23
-21.14 -43.81 -47.89 360.36
-56.36 -22.38 33.06 327.34
-47.4 -41.34 39.46 338.59
-78.98 13.85 11.79 387.89
-19.06 -34.2 16.61 308.42
75.84 88.93 -84.64 347.22
6.8 38.47 78.6 320.08
-16.06 -13.03 15.61 314.29
-9.36 47.24 -80.05 375.61
-60.7 10.23 -35.0 377.7
-17.0 -21.84 80.45 310.56
44.18 63.98 -47.75 310.23
-81.24 -67.49 37.08 362.86
20.86 -9.61 82.17 342.22
36.46 -78.74 24.78 320.63
-38.59 29.85 -57.12 341.62
80.81 28.24 53.82 300.72
-88.19 27.11 50.71 325.64
-86.82 6.32 -3.11 373.77
76.1 83.46 -47.98 303.41
5.74 71.61 -15.27 315.12
59.42 -5.73 -46.71 398.79
67.58 42.58 81.94 333.01
68.62 38.92 10.17 315.35
-26.67 -35.96 -30.24 349.5
-49.39 -6.56 89.46 391.58
-29.74 -89.37 35.26 304.33
63.25 58.95 -75.5 385.11
-30.76 51.77 -47.49 389.23
-16.01 65.09 -31.67 384.32
25.42 -27.19 12.63 352.92
47.74 -0.02 31.43 382.13
28.17 15.48 89.9 328.11
63.28 -27.1 56.72 341.7
63.16 15.29 21.56 375.75
48.17 -88.16 67.35 326.53
-55.71 -43.88 -56.17 373.87
88.49 1.4 -35.93 361.1
-40.9 -16.63 -31.35 327.96
-57.42 -34.12 -20.81 397.92
-35.98 71.79 -62.02 379.34
11.1 -9.29 -24.57 390.68
34.19 28.69 19.44 387.1
-10.06 -67.87 -20.99 371.52
33.64 16.16 -36.07 333.26
-88.27 -60.96 -47.56 350.8
