1 mod 0
3 50 1
500
86.69 -35.91 -88.67 2226 400.27
80.17 54.93 -78.33 2226 473.84
19.57 -5.38 -88.81 2226 441.07
-40.86 -33.9 48.77 2226 481.62
-4.49 59.34 65.98 2226 458.16
-17.48 -86.7 -73.56 2226 460.88
45.1 -6.12 81.8 2226 430.29
77.79 -65.48 -14.73 2226 480.87
64.3 48.12 63.52 2226 475.74
-64.78 -85.02 -42.45 2226 487.07
85.23 -21.06 22.67 2226 423.15
4.9 -61.31 64.62 2226 426.97
68.85 -23.33 -26.97 2226 409.73
-51.66 64.64 11.38 2226 447.62
-51.89 14.35 73.19 2226 426.05
-35.53 -39.56 -32.56 2226 430.4
-14.27 -6.38 -9.43 2226 465.64
75.69 -8.59 -62.32 2226 482.61
-76.25 39.81 -81.8 2226 455.18
-27.73 78.61 17.3 2226 427.47
19.06 84.42 62.56 2226 481.21
84.68 53.87 -87.42 2226 446.59
-2.46 46.69 -42.1 2226 476.95
-21.22 88.99 64.8 2226 486.56
60.68 -82.95 -31.4 2226 485.67
63.78 22.97 43.01 2226 448.41
26.72 43.17 -58.98 2226 490.5
-28.63 3.42 59.14 2226 489.19
-40.84 -50.57 22.95 2226 460.36
-52.08 -52.76 47.46 2226 471.16
67.83 35.93 25.6 2226 490.02
83.33 -62.92 -26.05 2226 415.18
33.3 -13.58 -17.09 2226 407.93
13.04 -61.29 53.16 2226 465.06
-78.98 -48.99 -20.82 2226 451.66
-77.25 -68.86 82.86 2226 452.07
21.09 80.37 74.95 2226 498.87
-15.83 -11.58 41.99 2226 459.91
-51.82 -84.15 -61.16 2226 444.64
10.73 -54.84 -75.67 2226 464.1
88.17 -45.37 -51.37 2226 413.96
79.88 -5.4 25.92 2226 474.79
81.4 -37.91 -82.96 2226 491.45
-53.16 -83.42 55.16 2226 459.54
75.46 78.16 -85.34 2226 468.61
19.28 16.49 -46.77 2226 476.74
46.52 29.76 64.92 2226 447.19
29.47 -71.68 -81.62 2226 406.48
-21.38 -65.85 71.26 2226 460.96
73.67 -37.69 9.42 2226 411.83
76.34 73.49 52.52 2226 451.06
11.25 -28.81 -52.0 2226 416.46
-85.44 17.32 40.58 2226 472.83
-87.89 34.81 -54.11 2226 432.0
27.49 -2.99 -12.87 2226 430.51
-8.03 -59.62 73.21 2226 448.12
49.87 63.12 -66.44 2226 485.23
64.46 -78.53 -11.89 2226 484.44
58.41 -67.15 20.54 2226 401.86
89.86 -81.33 -87.01 2226 466.75
63.68 -38.6 -73.97 2226 433.66
-78.87 -24.54 57.83 2226 437.33
24.89 -72.21 39.46 2226 423.47
-85.67 -29.13 -39.09 2226 416.76
-16.26 -47.73 -45.05 2226 465.04
-84.12 -88.33 61.85 2226 487.97
75.18 -56.68 84.94 2226 413.56
48.22 26.73 -77.24 2226 416.11
-64.96 67.32 1.75 2226 442.94
36.16 46.45 56.26 2226 424.06
74.22 -84.69 -43.52 2226 466.33
-23.14 41.47 45.53 2226 490.25
32.26 41.15 -57.58 2226 430.67
15.65 -61.21 -53.15 2226 489.59
-2.56 85.49 -45.77 2226 439.61
-15.89 75.04 83.56 2226 470.26
-79.52 -22.4 44.07 2226 489.82
-8.95 80.12 48.04 2226 484.55
75.18 -88.9 39.26 2226 431.32
9.62 45.43 -35.62 2226 410.73
82.67 -34.64 -72.4 2226 474.3
-11.74 11.08 -39.13 2226 462.34
85.39 -66.47 -68.0 2226 492.82
-20.28 -79.0 -54.09 2226 424.36
-32.77 -25.59 42.0 2226 410.16
62.0 -45.36 -27.93 2226 421.25
-87.94 26.72 55.99 2226 430.48
-17.02 79.55 -64.94 2226 465.33
-16.2 -36.04 -73.01 2226 478.76
2.3 77.24 -13.82 2226 429.34
73.35 -88.81 -58.41 2226 432.51
-1.65 -79.36 -70.06 2226 430.37
-38.8 74.58 -78.22 2226 488.85
-40.99 10.73 -50.22 2226 467.25
-0.89 41.62 -46.85 2226 473.45
13.88 -30.6 -47.66 2226 496.67
76.25 69.65 -44.68 2226 406.27
49.72 85.21 -44.42 2226 464.14
60.1 71.09 -87.59 2226 412.95
-28.35 -23.56 31.66 2226 494.06
-0.63 -11.18 31.64 2226 476.18
63.74 11.93 -20.89 2226 479.38
-46.66 72.85 0.95 2226 449.98
26.95 -45.08 -44.02 2226 438.7
33.72 53.7 -49.54 2226 479.18
86.5 -85.3 67.94 2226 478.85
-87.03 54.2 88.88 2226 425.27
26.99 44.06 18.52 2226 402.19
64.88 -76.63 -10.98 2226 416.98
-59.37 41.45 39.27 2226 463.33
45.89 -80.3 -61.51 2226 476.21
50.66 83.96 -27.73 2226 421.95
76.59 -83.39 -28.11 2226 481.26
-35.95 18.95 34.99 2226 488.3
-16.99 -79.62 -54.55 2226 497.99
-69.47 15.86 67.97 2226 477.13
-3.09 30.8 51.66 2226 431.91
-48.59 46.23 -78.43 2226 424.26
-0.76 27.41 72.84 2226 459.51
13.06 -20.77 4.1 2226 430.67
37.93 -23.99 -83.04 2226 469.61
63.21 83.97 28.57 2226 436.51
84.63 57.2 -13.59 2226 419.57
48.28 89.03 31.26 2226 418.78
-11.27 -42.74 86.8 2226 428.76
-72.19 -23.31 -31.51 2226 415.26
14.69 67.97 20.98 2226 457.22
68.55 -85.12 -84.94 2226 489.7
58.47 -69.37 54.33 2226 452.57
1.07 -50.79 60.51 2226 442.78
23.77 -17.54 50.81 2226 431.95
-35.77 49.82 -24.1 2226 492.05
-4.67 -47.02 34.55 2226 480.18
-16.53 56.79 -48.3 2226 414.41
23.07 54.35 -26.59 2226 454.54
-63.53 30.03 33.59 2226 400.43
1.18 14.25 52.64 2226 451.66
36.89 18.93 -88.99 2226 428.59
23.59 -7.02 7.99 2226 484.31
-32.89 40.02 58.26 2226 471.05
68.16 63.61 -33.38 2226 484.89
57.83 59.0 -67.65 2226 439.29
-23.72 -62.98 -73.91 2226 463.0
54.12 24.44 53.81 2226 416.28
47.62 -62.53 -76.35 2226 442.64
-25.28 60.18 66.74 2226 479.93
28.7 14.02 -0.47 2226 416.65
54.51 44.51 -68.95 2226 499.38
52.96 -85.14 22.76 2226 490.64
-78.2 69.32 -19.6 2226 459.84
-22.65 -36.4 40.9 2226 419.55
16.96 -69.62 -58.3 2226 456.87
75.79 44.46 33.38 2226 481.98
-80.03 -78.18 -18.95 2226 487.04
42.26 -16.5 59.05 2226 493.06
56.0 -48.36 15.79 2226 403.86
41.99 -42.01 50.13 2226 420.68
6.35 43.46 -76.83 2226 429.31
-43.12 43.33 55.12 2226 484.53
-67.91 66.1 79.04 2226 495.67
-50.71 52.46 -24.32 2226 468.46
23.07 58.43 -15.92 2226 463.87
-76.65 -71.89 -63.6 2226 414.61
61.51 43.05 87.91 2226 431.19
66.55 -43.29 23.64 2226 466.02
-8.15 72.52 -56.05 2226 472.37
-11.16 20.46 81.52 2226 434.75
59.17 85.64 -26.86 2226 481.55
69.62 9.55 -0.1 2226 419.16
-35.24 -69.05 16.04 2226 478.02
-20.27 81.9 -43.67 2226 462.63
-20.51 73.73 73.38 2226 427.53
9.61 -60.17 -48.81 2226 467.06
11.62 -11.67 -6.35 2226 414.59
70.69 -10.13 -56.64 2226 474.38
38.52 -40.45 12.94 2226 457.31
-42.63 30.35 -46.04 2226 416.34
34.36 -51.18 -63.89 2226 452.51
-65.09 -76.94 -47.57 2226 441.43
-76.16 49.1 -74.2 2226 448.95
67.14 1.86 -25.92 2226 419.49
-40.41 -1.31 53.09 2226 491.38
46.99 -51.84 -42.4 2226 453.9
70.96 -64.39 -63.53 2226 471.64
14.99 23.05 -50.09 2226 433.84
57.53 -40.55 -59.61 2226 408.89
28.7 -69.65 -49.61 2226 451.7
-13.62 -19.34 63.58 2226 434.38
84.23 -72.58 -8.99 2226 483.32
-17.82 -67.71 -54.01 2226 421.07
-27.25 23.51 88.76 2226 412.37
-14.64 -89.52 -42.85 2226 485.05
-13.51 62.82 -0.37 2226 400.18
-32.26 86.49 35.74 2226 401.14
-13.16 -6.43 -80.8 2226 480.71
-50.07 15.12 -67.3 2226 470.23
60.56 -55.25 -19.37 2226 488.1
-80.05 54.25 -64.65 2226 452.16
87.76 -14.56 -42.61 2226 403.59
-72.28 11.64 -53.13 2226 488.13
9.69 9.97 5.3 2226 498.22
73.26 8.71 14.91 2226 476.7
57.04 -76.33 -68.12 2226 430.71
22.37 -87.85 37.51 2226 411.45
6.11 -14.72 -62.06 2226 498.1
-49.61 -67.55 27.21 2226 468.57
84.78 -50.93 82.75 2226 437.36
32.94 -50.12 -81.54 2226 451.78
18.85 -18.22 88.06 2226 494.82
83.84 72.76 -21.75 2226 495.61
7.76 4.65 1.6 2226 484.98
22.79 -4.68 -54.33 2226 484.35
-59.18 55.78 -0.79 2226 489.12
-82.07 83.39 -88.79 2226 478.96
-0.43 14.91 38.66 2226 478.49
14.09 53.13 64.86 2226 436.65
-74.13 -72.34 26.56 2226 477.73
-5.39 28.51 21.3 2226 418.62
73.0 68.69 62.56 2226 416.52
-33.72 81.48 -86.68 2226 477.54
55.22 -10.37 58.85 2226 421.42
-83.44 83.58 -12.28 2226 471.47
12.26 -81.53 -35.0 2226 492.49
73.34 17.33 82.93 2226 424.58
-42.21 -33.98 -6.95 2226 404.2
48.46 -59.18 80.21 2226 490.72
-80.39 -51.79 1.35 2226 422.45
-52.0 46.34 27.61 2226 411.17
24.58 2.81 -41.08 2226 478.72
-38.36 63.98 -40.08 2226 415.6
0.11 19.51 74.08 2226 419.95
45.21 -36.64 -66.18 2226 418.25
31.97 9.95 -72.79 2226 407.46
-29.69 34.71 -85.4 2226 420.03
-86.76 -61.58 60.92 2226 487.57
-10.66 40.41 73.93 2226 441.37
53.66 -13.61 33.61 2226 456.91
70.77 -51.8 -39.87 2226 413.12
58.13 -42.47 -2.49 2226 479.48
-54.73 -84.69 21.82 2226 437.05
-49.34 75.59 -80.95 2226 405.47
-65.57 -1.21 -19.41 2226 464.59
16.8 -86.3 6.86 2226 404.05
-48.66 52.5 -51.39 2226 469.5
-89.67 -38.84 -62.76 2226 472.01
86.28 -44.88 -74.25 2226 406.83
-75.84 -39.82 45.37 2226 479.88
-69.3 7.38 4.21 2226 475.82
89.58 -89.17 -51.69 2226 486.55
-45.88 -40.91 -43.47 2226 443.25
-71.05 45.45 46.81 2226 485.03
-38.4 -85.28 60.2 2226 497.75
-81.37 -63.98 26.04 2226 446.11
16.91 31.21 -19.79 2226 495.44
-38.17 11.44 -68.52 2226 487.44
-51.0 69.85 85.0 2226 434.69
-33.17 -53.27 -9.94 2226 490.61
-31.95 85.0 -68.51 2226 422.38
-50.4 10.81 -45.65 2226 496.43
-56.69 -66.34 -79.5 2226 438.49
-72.62 -53.75 -53.35 2226 404.31
79.12 55.86 -18.11 2226 446.24
-46.12 -6.55 -70.55 2226 484.67
78.37 65.91 -12.64 2226 438.19
-70.52 -4.79 -22.01 2226 479.32
-35.26 6.53 -67.53 2226 416.61
33.59 87.17 71.05 2226 493.03
89.79 78.56 -89.82 2226 415.21
-28.07 86.88 13.6 2226 494.16
-63.77 2.73 -41.13 2226 437.09
-7.16 58.56 -89.98 2226 496.27
-89.75 75.92 -70.2 2226 460.62
-6.5 64.24 36.03 2226 403.05
-50.7 20.53 -25.24 2226 489.87
18.1 -0.62 -28.93 2226 430.63
-0.27 61.7 65.6 2226 445.59
-62.31 55.99 39.83 2226 463.22
82.08 84.6 86.24 2226 435.7
31.66 -88.39 63.88 2226 486.1
40.67 -58.76 -12.93 2226 404.92
61.85 -49.92 -47.16 2226 488.95
65.6 -37.67 14.53 2226 412.55
-31.48 -25.98 34.82 2226 404.28
34.36 -21.78 73.16 2226 423.97
55.37 80.53 69.45 2226 488.6
-43.15 78.68 75.98 2226 491.18
37.54 74.32 -42.05 2226 400.79
33.39 -82.28 80.53 2226 424.71
-2.65 82.05 -72.81 2226 493.93
-18.23 65.22 46.88 2226 485.07
-64.8 -88.21 19.48 2226 414.85
-53.17 -1.2 -41.65 2226 463.84
10.86 -3.25 44.33 2226 438.83
-6.25 -52.91 -57.65 2226 402.97
-89.78 -50.2 23.96 2226 439.48
80.25 -67.71 -40.79 2226 464.98
76.07 -89.15 -81.04 2226 463.4
-89.6 57.67 -31.98 2226 477.34
-57.92 31.95 13.64 2226 428.59
39.18 -27.58 -2.28 2226 474.32
48.55 15.05 67.19 2226 408.49
58.36 79.42 -76.54 2226 409.49
-31.01 13.36 74.67 2226 422.49
59.34 56.25 48.87 2226 461.32
23.21 85.78 -76.18 2226 412.68
-46.76 79.14 -76.92 2226 406.9
-12.12 -85.98 -55.29 2226 467.81
29.24 -78.37 -18.56 2226 471.11
39.04 -16.56 37.3 2226 487.02
-27.8 -79.61 16.29 2226 423.47
-9.29 4.36 -80.78 2226 469.11
-67.18 32.89 -65.1 2226 450.3
64.51 61.61 56.06 2226 439.98
-47.4 -23.01 -36.35 2226 432.03
-20.01 46.03 -54.69 2226 418.45
24.67 -8.65 43.57 2226 453.19
50.23 4.87 34.96 2226 416.38
-33.27 11.57 32.06 2226 421.45
88.15 -53.15 -30.79 2226 476.46
-51.77 -69.81 73.78 2226 471.65
2.05 -83.07 39.49 2226 459.53
-87.76 -53.4 -48.53 2226 454.65
54.88 46.49 -41.34 2226 428.03
-55.76 77.69 7.69 2226 422.42
17.22 29.47 46.06 2226 453.27
-74.19 26.35 -86.02 2226 419.37
7.15 -14.58 20.4 2226 471.49
39.33 -41.26 29.97 2226 468.62
26.08 -78.95 86.64 2226 419.24
75.01 -70.5 -89.13 2226 412.4
32.38 -64.97 76.97 2226 488.37
65.45 38.11 -82.33 2226 481.3
-38.83 26.47 32.85 2226 414.24
60.84 26.03 42.05 2226 459.65
-41.12 89.69 28.54 2226 448.85
37.97 47.4 87.07 2226 424.55
33.62 85.48 12.02 2226 404.15
31.59 5.63 8.95 2226 455.08
80.51 -76.45 -37.57 2226 493.16
65.72 85.63 -38.29 2226 433.44
-74.19 62.01 8.68 2226 471.11
-66.95 -45.35 -31.31 2226 421.23
-82.53 68.26 -8.73 2226 434.49
-60.16 45.95 -38.0 2226 494.95
-55.95 -81.7 33.61 2226 459.92
89.14 49.37 73.89 2226 487.82
18.19 -68.63 -77.37 2226 452.35
0.83 24.99 -29.68 2226 483.14
18.04 40.38 85.71 2226 415.76
14.68 0.28 17.63 2226 474.69
-73.64 47.0 89.59 2226 452.68
65.71 78.62 -59.4 2226 478.46
-4.9 18.17 -58.3 2226 400.65
17.95 72.15 -28.62 2226 435.54
82.35 -74.4 72.94 2226 487.81
-69.29 -45.25 -26.45 2226 408.57
-58.77 55.74 -4.68 2226 495.1
87.07 33.68 -11.29 2226 455.93
-70.46 -66.34 73.16 2226 424.63
39.18 -88.7 13.92 2226 428.08
-89.14 -10.17 -61.76 2226 456.67
48.19 31.74 -64.95 2226 494.01
-53.91 49.78 -70.23 2226 485.48
-68.24 -81.03 2.04 2226 414.66
-13.69 27.62 5.24 2226 499.13
-17.51 -65.69 -51.22 2226 422.4
20.16 -62.03 22.87 2226 425.62
-14.7 -67.42 -19.32 2226 472.75
-83.9 80.33 -79.17 2226 431.33
-6.38 -40.77 25.73 2226 476.35
70.89 47.03 75.94 2226 471.15
68.37 -3.24 -50.28 2226 496.28
-88.79 16.76 24.87 2226 432.26
-32.82 66.02 -8.42 2226 419.71
-34.81 74.94 -65.23 2226 426.82
74.46 -23.43 -15.88 2226 401.49
-18.92 88.69 80.3 2226 486.95
67.9 -52.73 57.08 2226 464.68
-67.68 69.11 82.48 2226 424.22
-85.09 -63.68 47.39 2226 471.67
71.76 74.78 37.61 2226 459.62
-86.2 -85.2 75.86 2226 456.97
71.65 -41.28 -82.74 2226 494.59
12.47 -89.72 -54.54 2226 416.35
-15.43 76.39 -3.04 2226 434.21
-89.79 31.89 15.18 2226 442.21
-78.66 24.19 50.22 2226 454.36
-10.21 -40.17 36.58 2226 403.61
13.0 -5.17 -37.66 2226 477.23
-15.38 66.78 63.69 2226 477.26
-82.5 10.83 -52.93 2226 404.25
-68.53 57.65 -6.4 2226 406.95
51.81 85.9 14.52 2226 482.34
29.03 26.06 53.84 2226 499.95
-80.12 50.6 61.42 2226 404.65
-10.19 72.72 13.38 2226 464.69
-17.22 -63.84 -33.49 2226 425.4
16.14 -3.92 84.48 2226 448.72
-45.24 -26.18 38.21 2226 458.17
31.77 -13.57 48.6 2226 444.32
-60.29 42.2 14.78 2226 449.57
44.21 -82.15 -31.5 2226 493.8
32.01 -66.52 -88.19 2226 475.61
75.42 43.34 -37.82 2226 480.14
-69.26 56.86 74.63 2226 459.14
35.82 62.69 23.45 2226 477.17
-55.88 34.58 -32.5 2226 403.61
12.57 -52.39 6.57 2226 471.84
46.75 -79.49 74.64 2226 407.07
-42.65 3.57 8.36 2226 412.59
-16.67 -36.07 -42.17 2226 496.39
-44.07 63.36 70.26 2226 412.61
44.45 2.47 -70.79 2226 485.94
-42.17 79.03 44.55 2226 408.93
73.23 53.41 10.24 2226 401.96
-71.52 -5.82 84.25 2226 487.06
-33.65 -9.43 -20.83 2226 475.56
78.78 -8.08 89.74 2226 419.63
-46.94 26.38 69.99 2226 480.45
-52.64 -63.05 -22.99 2226 456.23
-29.86 -47.98 -23.86 2226 402.08
1.88 -56.83 52.34 2226 496.39
-18.96 41.17 -24.22 2226 459.51
56.48 -33.78 -74.85 2226 404.71
-77.05 -54.64 45.75 2226 459.52
-1.28 70.19 -29.13 2226 475.68
27.01 -69.66 62.28 2226 406.22
55.03 65.15 -24.09 2226 498.87
35.67 71.79 29.97 2226 419.89
74.46 -1.82 36.23 2226 493.17
-17.8 -24.64 -10.67 2226 465.69
56.9 -63.13 63.13 2226 464.12
-34.25 -10.1 -89.55 2226 403.7
-70.58 -81.95 -86.2 2226 402.06
33.48 42.14 65.22 2226 479.36
-25.12 20.15 67.2 2226 438.67
-46.32 -34.26 -30.47 2226 463.45
-62.55 61.69 73.39 2226 409.2
49.98 -25.23 -84.66 2226 495.11
53.03 -76.84 -36.36 2226 478.73
-28.41 -38.02 49.65 2226 487.62
36.85 -80.78 53.58 2226 457.16
60.43 2.28 -43.24 2226 415.78
41.47 -83.11 -20.09 2226 477.17
-80.81 -46.35 -41.27 2226 427.46
-75.68 -57.5 -29.01 2226 406.84
56.15 -3.03 -74.74 2226 476.52
5.38 29.98 -81.67 2226 493.67
-30.31 47.69 -48.49 2226 498.39
-32.83 7.75 -38.6 2226 494.86
-40.13 -82.43 -71.73 2226 421.69
-80.12 83.9 -84.12 2226 449.97
15.48 -73.81 82.36 2226 414.96
-47.9 -61.88 57.66 2226 434.99
-57.66 37.59 -33.93 2226 416.39
-55.49 17.49 26.33 2226 431.73
-58.21 85.76 -77.35 2226 485.02
68.84 -48.99 41.76 2226 451.41
38.63 13.21 -70.61 2226 474.43
54.2 -71.33 78.71 2226 453.85
-36.86 -46.32 -71.93 2226 400.42
-40.05 -40.26 -51.41 2226 443.65
33.9 -18.45 -31.67 2226 414.92
-45.65 87.23 61.75 2226 495.27
-61.55 64.38 63.89 2226 403.47
7.27 -77.72 -16.92 2226 472.31
68.72 45.59 37.27 2226 482.1
-77.19 -22.25 -63.95 2226 460.41
36.32 13.83 37.58 2226 486.93
71.47 0.13 -57.03 2226 494.86
4.52 21.89 -41.39 2226 499.7
-37.67 -61.14 83.68 2226 473.44
-10.23 -79.3 40.34 2226 462.09
65.16 -57.7 33.51 2226 465.92
-21.47 -62.82 89.41 2226 427.49
35.25 -47.43 32.54 2226 443.07
-76.29 45.83 -40.95 2226 404.15
-21.52 81.71 -72.21 2226 467.67
-39.17 76.71 45.82 2226 474.97
85.07 -69.75 14.47 2226 493.9
-10.94 -63.34 -57.22 2226 408.61
-33.89 -4.9 74.9 2226 404.22
-38.32 -30.86 68.56 2226 478.78
-0.49 3.94 47.05 2226 475.44
10.4 64.43 -3.84 2226 471.95
61.68 -76.76 -66.42 2226 471.65
-8.33 5.32 -19.83 2226 451.57
88.61 43.86 33.31 2226 414.02
57.49 69.0 10.22 2226 460.7
-85.26 -64.55 57.0 2226 425.99
31.57 22.65 40.79 2226 426.93
-55.69 18.63 -56.34 2226 445.86
63.27 71.2 -18.48 2226 485.15
-50.25 42.34 73.81 2226 496.02
-47.26 49.72 2.81 2226 447.09
-70.02 -16.06 -24.42 2226 452.71
61.22 -4.04 -60.38 2226 452.66
72.95 74.21 58.84 2226 475.84
70.13 -42.66 -74.8 2226 490.59
-48.47 -60.52 -16.65 2226 426.25
